1000 950
2 41
2 56
3 21
5 80
5 6
8 107
8 93
8 100
8 58
9 83
9 59
9 9
10 34
11 50
11 25
15 105
15 31
17 50
19 119
20 59
20 63
21 80
24 60
25 91
25 71
25 57
27 80
27 50
28 112
29 129
30 87
32 76
32 129
35 44
35 46
36 96
39 129
39 57
39 77
40 96
41 116
43 129
44 49
45 115
45 63
46 117
47 143
47 84
48 65
49 106
49 56
50 102
51 101
52 103
52 125
54 93
55 68
55 98
56 57
57 154
59 157
60 159
61 73
63 129
63 143
64 104
67 89
68 142
70 117
71 125
71 120
71 105
71 167
74 139
76 129
76 129
76 88
77 167
78 146
78 87
78 104
81 127
82 96
84 135
85 166
85 185
85 164
85 145
86 114
86 123
86 179
88 126
89 143
90 118
90 127
91 152
93 159
96 181
96 119
98 117
99 102
99 166
99 154
101 131
101 197
101 175
103 191
105 144
105 203
106 174
106 126
108 116
109 172
110 160
113 200
113 154
115 212
116 136
117 200
118 205
119 171
120 137
121 206
121 122
121 210
121 143
123 203
123 183
124 193
125 184
125 151
126 212
126 165
126 200
126 154
126 197
127 200
127 178
128 197
130 210
131 131
133 149
134 199
134 206
142 217
143 235
144 151
144 145
146 177
146 182
147 175
147 178
150 224
150 213
152 224
153 182
153 153
153 208
153 223
153 221
153 158
154 196
155 187
156 250
156 165
157 197
157 257
159 168
160 176
162 256
165 222
165 232
167 215
168 268
168 266
170 189
171 174
174 175
174 187
175 220
178 257
178 206
180 241
182 196
185 224
187 196
189 232
190 213
191 216
192 234
193 273
194 249
194 234
194 228
196 250
199 260
200 294
201 201
201 211
203 264
203 271
203 221
203 208
204 269
204 289
205 249
205 275
208 255
209 291
211 279
214 290
216 282
219 279
220 244
222 269
222 277
223 294
224 298
225 322
225 247
228 264
228 256
228 253
230 286
230 329
232 329
232 233
234 287
235 265
235 243
236 310
236 283
236 297
237 271
237 333
238 334
239 288
239 314
239 290
241 317
241 266
243 307
243 273
244 343
244 315
244 323
245 295
246 286
246 338
247 287
248 289
250 340
250 309
251 341
251 299
251 345
251 256
253 314
254 329
255 353
256 281
257 277
259 304
261 339
262 305
263 301
263 340
264 345
265 364
268 365
270 270
271 290
274 319
277 368
277 294
279 298
279 378
282 327
284 303
284 294
285 369
288 359
289 364
290 318
291 321
291 299
292 328
295 338
295 347
296 347
297 393
298 369
300 332
303 321
304 369
304 364
305 339
307 318
310 334
310 344
312 344
313 400
313 322
314 317
315 403
315 320
315 394
315 390
316 319
317 343
319 345
321 376
323 329
324 353
324 352
324 395
325 388
326 415
326 350
326 423
327 348
327 400
330 430
330 339
330 397
332 339
333 410
334 427
335 423
336 380
337 393
337 353
339 409
339 432
340 380
340 352
340 405
341 403
342 343
342 353
347 408
348 448
349 372
349 445
349 389
350 399
351 451
351 359
352 356
352 381
353 430
355 369
355 417
357 441
359 364
360 424
360 434
361 361
361 424
362 441
362 382
362 383
363 459
363 449
363 421
365 375
366 397
367 420
367 400
367 378
368 466
368 460
369 417
370 417
370 426
370 465
374 416
375 460
375 444
375 391
375 440
376 432
378 417
379 395
379 463
380 439
380 451
381 455
381 416
382 422
382 419
386 398
386 480
386 393
387 431
387 403
388 404
388 388
388 447
389 392
390 416
391 431
391 396
391 459
394 487
397 407
400 420
401 401
402 495
403 497
403 486
404 428
405 480
406 434
410 447
411 458
412 415
413 422
414 514
415 457
416 513
416 501
422 472
427 462
427 501
427 482
427 448
428 488
429 518
429 492
429 487
430 451
431 461
433 514
433 524
434 510
435 470
439 460
440 474
440 476
441 464
442 470
443 530
444 493
444 480
446 542
446 489
450 454
451 497
451 533
452 497
452 508
454 521
454 461
455 461
455 532
456 531
458 555
459 553
460 543
461 494
462 463
462 515
463 524
463 551
465 553
466 468
466 529
467 485
467 468
467 544
471 494
472 557
474 550
474 556
476 487
476 514
478 531
478 519
479 511
480 502
485 585
485 497
485 498
488 588
488 525
488 588
490 520
490 569
491 498
491 565
492 575
493 503
493 535
494 501
495 497
495 548
498 566
499 520
500 503
500 588
501 548
501 580
501 543
502 504
503 579
503 544
504 580
505 529
505 592
506 540
506 551
507 521
514 607
515 525
515 579
515 590
516 612
518 591
521 597
523 620
524 579
525 583
525 554
526 538
526 569
527 539
527 620
527 600
529 572
530 533
531 546
533 587
534 571
535 635
535 606
537 557
539 621
540 624
541 605
541 618
544 553
544 565
545 643
545 577
546 552
547 558
548 634
552 587
554 605
554 598
556 632
556 597
556 608
557 608
558 642
558 601
559 616
560 631
560 614
564 647
566 629
567 604
567 663
569 638
572 580
573 612
575 625
576 662
577 670
577 577
577 642
579 597
580 642
582 669
583 637
584 668
584 644
586 606
588 680
589 612
591 691
593 655
594 686
595 664
598 659
598 665
600 671
602 623
605 650
605 684
607 635
607 613
608 635
608 609
608 610
608 608
609 653
609 645
610 690
611 692
613 667
614 690
614 667
617 687
619 646
620 674
623 710
623 675
624 649
628 658
632 687
632 705
634 704
635 715
637 679
637 709
638 642
639 714
643 715
644 711
647 729
648 685
648 736
649 742
649 669
649 746
649 682
650 714
651 686
651 720
651 733
652 669
652 715
653 655
655 669
655 667
656 734
658 668
658 722
659 673
660 682
661 701
661 689
662 662
663 718
663 754
663 664
664 725
664 675
666 692
666 744
667 753
667 710
669 674
669 723
670 712
670 686
672 745
672 763
672 737
676 765
676 759
677 693
681 690
682 685
682 691
682 734
683 778
685 738
686 743
688 762
688 741
689 702
689 727
691 704
692 716
695 734
696 722
697 763
697 736
697 738
698 779
698 731
699 711
699 704
702 727
702 736
702 797
702 735
703 759
705 777
706 790
707 801
707 799
708 801
708 729
709 787
709 780
710 769
711 755
712 743
715 728
720 739
723 805
723 750
724 816
724 775
724 784
725 761
725 764
725 757
726 731
726 822
727 730
727 785
728 809
729 761
730 748
731 767
733 739
734 816
734 766
737 837
737 794
738 756
740 777
740 780
740 745
741 762
741 798
742 841
745 766
746 826
747 813
748 754
752 767
752 800
752 788
753 759
754 854
755 771
755 789
757 779
759 831
759 789
759 822
760 777
761 808
761 789
762 828
763 793
764 815
764 815
765 840
767 841
767 793
768 840
768 827
769 859
771 801
772 837
772 778
773 838
775 836
776 842
776 778
776 869
776 847
777 838
779 814
781 857
783 787
785 845
785 813
786 787
787 881
787 869
788 820
789 866
789 845
790 822
791 812
792 792
795 814
795 845
797 865
797 881
798 891
798 873
798 860
800 868
802 820
803 888
805 855
805 903
805 858
806 842
807 905
807 900
808 897
809 849
809 816
809 862
810 906
810 811
812 869
813 863
813 906
815 896
815 869
816 821
816 866
816 875
816 916
817 827
817 871
818 837
818 917
819 872
822 877
823 873
826 923
827 862
827 843
829 870
830 893
831 913
831 920
831 847
832 931
833 907
834 851
835 928
835 856
836 918
836 849
837 926
838 851
838 914
841 888
841 924
841 902
842 858
844 879
844 926
845 927
846 897
846 936
846 871
847 944
848 906
849 858
850 891
851 915
851 939
851 860
854 946
855 928
856 899
857 865
857 879
857 883
857 884
858 915
858 923
858 917
861 900
865 922
869 912
870 952
872 903
872 935
874 899
874 966
877 944
880 935
881 918
881 981
881 978
882 910
884 958
888 953
888 958
889 986
890 926
890 931
890 979
892 935
894 945
895 972
896 912
899 899
899 899
900 912
901 921
902 922
902 924
903 959
904 971
905 997
905 959
905 965
906 918
907 918
910 977
910 973
911 942
912 968
913 1011
914 976
914 966
916 960
917 929
917 1016
918 1015
918 1005
918 932
919 944
919 971
919 1010
919 953
921 986
921 999
921 940
922 960
925 940
925 1019
926 1018
928 1003
929 1006
932 971
932 1022
932 955
934 938
936 951
936 948
937 1037
937 946
937 959
938 970
939 1024
941 1018
941 950
943 1034
945 1041
946 976
946 1024
946 973
947 1009