3000 3000
1 46
1 43
4 25
5 103
6 24
7 8
7 66
8 29
9 29
12 90
13 33
14 66
15 33
15 96
16 68
17 35
17 91
18 45
18 117
19 70
21 79
22 22
23 86
23 24
26 75
28 74
29 110
31 94
31 41
33 132
33 68
35 63
37 109
37 51
38 41
41 132
42 57
42 128
44 108
44 62
44 45
44 97
46 102
49 56
52 58
52 52
52 136
53 139
54 122
54 60
54 103
55 70
55 57
58 120
58 132
60 128
61 63
62 125
62 77
64 91
64 162
65 83
66 115
68 96
69 85
70 122
71 75
72 105
72 91
72 163
74 89
74 77
74 102
76 153
77 82
78 82
79 136
79 102
80 122
80 156
80 176
81 93
82 124
83 158
83 107
83 154
84 85
85 94
85 90
86 138
87 151
90 189
90 173
91 187
93 112
94 175
94 163
95 149
96 132
96 113
97 127
97 108
99 130
99 173
100 138
100 179
100 135
101 117
101 193
102 118
106 147
106 169
106 149
107 115
107 203
107 157
107 150
108 109
110 141
110 178
110 127
110 193
111 181
111 152
114 173
115 158
115 211
115 118
115 140
115 193
116 149
117 161
118 183
120 181
121 202
122 200
125 173
125 170
126 188
127 188
128 186
133 208
134 164
135 227
135 179
136 166
136 147
137 223
138 169
139 159
139 223
140 200
140 150
141 187
141 218
141 222
141 241
143 213
144 224
144 188
145 205
146 239
148 187
149 238
149 184
149 237
150 239
152 156
154 212
155 162
157 162
157 226
160 182
161 177
163 261
163 179
165 231
166 234
167 241
167 186
168 200
170 180
171 171
171 179
173 238
174 223
174 217
176 234
177 183
178 258
179 226
180 233
181 261
182 270
183 276
185 255
185 190
186 201
186 268
191 232
192 245
192 249
194 257
194 282
195 233
196 227
197 236
200 228
201 275
202 291
204 206
205 236
206 264
210 210
215 314
218 251
218 288
219 274
219 297
221 251
223 289
225 290
227 273
227 244
229 304
230 290
232 235
232 280
233 312
234 323
237 335
237 303
239 309
240 325
240 243
240 328
242 308
243 326
244 246
245 325
245 248
247 314
250 295
252 265
253 283
256 305
258 354
258 352
260 306
260 315
264 300
265 329
265 285
267 350
267 331
267 335
268 314
268 275
270 332
271 300
272 352
272 319
272 370
272 341
273 372
274 358
274 344
274 327
274 340
276 324
278 372
278 361
279 356
281 288
282 308
282 373
284 345
286 325
288 315
288 366
288 288
289 377
290 345
291 332
291 309
291 299
292 356
292 295
293 373
294 355
294 357
295 316
297 325
298 398
299 322
300 300
300 304
302 353
302 391
303 390
305 365
305 307
307 350
307 332
309 343
310 403
310 333
311 395
311 380
314 322
315 347
316 357
319 347
320 329
321 354
321 402
321 385
321 397
322 386
324 376
325 424
325 378
326 331
327 342
327 339
328 392
328 356
329 398
329 364
330 359
330 415
331 374
332 432
333 388
333 352
334 408
334 340
335 358
338 358
338 362
339 393
339 375
339 339
340 437
340 341
340 423
341 359
342 357
345 396
346 442
350 361
352 365
352 376
353 355
354 384
355 428
357 415
359 394
360 422
362 393
365 382
366 430
367 429
368 432
369 408
370 448
370 419
372 462
372 399
374 450
374 463
375 448
377 396
378 433
378 385
378 455
380 459
381 465
381 439
382 457
382 459
383 452
383 440
384 408
386 395
386 466
386 410
387 407
387 473
388 420
388 447
389 442
390 446
391 407
392 407
396 396
397 452
399 460
399 404
399 419
399 477
402 502
403 440
403 491
404 455
404 426
406 439
407 471
408 437
409 462
412 508
413 437
413 455
415 421
415 440
415 493
416 441
417 510
417 511
421 438
422 514
422 450
424 489
424 467
425 501
425 433
426 426
426 507
428 445
428 510
432 494
432 456
433 517
435 500
436 480
436 445
436 459
438 513
439 506
440 452
443 473
443 514
444 492
445 471
445 540
445 447
446 487
449 514
450 534
451 492
451 471
452 489
453 545
456 472
457 511
457 505
459 509
460 533
464 541
464 530
465 549
470 531
470 481
471 555
474 490
475 491
476 550
476 490
477 574
477 552
477 502
477 518
478 556
480 566
480 505
482 509
484 535
484 534
485 536
486 558
487 544
488 526
488 570
488 522
492 592
493 576
493 568
495 548
495 556
498 590
500 554
501 556
502 569
502 563
503 550
504 598
504 603
504 552
508 584
510 589
512 546
512 603
513 559
513 583
515 569
515 518
515 596
519 611
519 552
519 571
519 614
520 555
520 520
521 574
522 621
524 571
524 619
525 566
525 566
525 536
528 535
528 623
532 536
532 609
533 616
533 571
534 631
535 622
536 606
537 635
540 637
541 568
541 570
542 592
543 555
543 585
544 593
544 600
544 592
545 616
547 618
548 629
548 549
548 606
549 629
551 560
556 651
557 619
557 576
558 622
558 619
559 615
559 621
559 619
559 611
560 566
560 629
562 656
563 597
564 629
565 570
565 588
566 632
567 616
567 589
570 623
571 627
572 638
573 596
573 589
574 615
578 611
578 601
578 634
578 653
578 614
580 599
580 654
582 646
582 665
583 670
586 638
586 659
588 610
588 608
589 608
590 673
592 623
593 651
594 657
594 671
596 633
597 646
597 692
598 600
598 661
598 633
598 661
599 643
600 676
603 677
603 665
604 623
606 648
607 649
607 695
608 704
609 641
609 626
610 686
615 667
617 622
618 647
619 645
621 673
622 721
625 696
628 713
628 678
628 669
631 642
631 722
631 718
633 649
635 650
635 701
637 660
638 640
638 716
639 657
640 679
641 740
641 677
642 688
642 679
642 644
644 699
644 711
645 730
645 710
648 745
648 705
649 711
652 681
652 698
653 664
653 695
653 667
655 698
656 738
656 718
659 664
659 713
660 755
661 663
664 665
666 687
666 730
667 670
670 715
670 739
671 742
671 682
674 696
675 753
676 774
679 684
681 771
681 706
681 688
683 766
684 784
685 753
687 734
687 714
688 769
688 775
689 741
689 770
689 725
693 742
693 717
693 693
694 761
695 727
695 793
695 704
697 748
698 763
701 723
702 714
703 785
703 743
707 786
709 717
710 716
712 797
712 746
713 723
713 768
715 722
716 758
718 754
720 724
721 778
724 754
727 730
728 809
728 810
731 754
732 812
733 821
735 738
735 748
739 785
740 756
740 811
742 827
746 807
747 809
747 824
747 810
748 824
752 817
752 827
752 823
753 842
755 853
755 776
755 802
755 805
756 759
756 815
756 830
758 796
758 791
759 844
760 778
761 798
762 838
763 838
766 772
767 779
769 820
769 776
771 859
771 812
772 858
773 866
774 867
774 788
776 865
777 820
777 853
778 797
778 814
779 860
779 789
779 806
780 870
780 805
780 788
782 879
783 821
783 845
784 864
784 799
786 864
787 824
788 850
788 799
789 810
789 853
790 849
791 804
793 835
794 885
795 881
795 850
796 811
799 897
800 822
801 863
801 813
802 822
802 845
802 893
803 851
806 858
807 871
809 821
809 874
809 819
809 873
810 870
811 888
814 911
815 872
815 867
816 868
818 880
820 839
821 912
822 913
823 882
824 866
825 861
825 841
826 856
827 913
827 893
828 901
828 866
829 832
831 833
831 883
832 866
833 922
833 871
834 930
834 876
836 883
836 880
837 891
839 859
840 873
840 916
842 874
843 858
846 857
847 946
849 945
851 888
854 903
857 874
859 955
861 865
863 955
864 902
865 938
866 939
867 880
868 898
869 876
869 949
869 893
871 871
871 951
872 954
874 892
875 945
876 913
877 895
877 894
878 961
878 921
878 896
879 950
879 898
880 936
882 920
882 901
883 942
883 893
884 892
884 932
885 964
885 976
887 919
888 907
888 958
891 977
891 913
891 903
892 943
893 919
893 979
894 981
894 930
895 902
897 932
900 904
901 953
902 907
903 1000
908 948
909 935
909 974
910 948
911 983
911 957
912 962
913 942
914 1013
914 956
914 987
915 951
916 991
917 952
918 976
918 919
921 1015
922 939
922 1002
922 934
923 1017
924 987
924 1006
924 961
924 933
924 1019
925 929
926 967
928 1027
929 980
933 933
933 982
936 955
936 984
936 988
936 1008
937 939
937 1029
938 1004
938 1007
940 974
940 1021
940 982
941 991
941 992
942 982
943 996
945 997
945 951
945 1013
945 1029
946 974
951 1001
951 1011
952 967
953 995
954 1052
954 1021
955 955
955 993
956 1017
956 1028
958 1019
961 1004
962 1019
963 1052
966 1002
968 1022
968 1025
968 985
969 1027
970 1023
971 979
971 999
972 1055
972 1031
972 973
973 1010
973 978
974 1015
974 1029
976 1014
977 1076
977 1019
979 1029
980 1022
982 1004
983 995
983 1030
985 1022
985 1053
986 998
986 987
990 1037
990 994
990 1086
991 1031
991 1017
992 1009
993 1008
994 1025
995 1041
995 1036
997 1069
998 1023
998 1002
1002 1055
1004 1059
1005 1103
1005 1050
1006 1062
1007 1059
1008 1048
1009 1059
1009 1018
1010 1057
1012 1035
1016 1028
1018 1057
1019 1079
1019 1026
1020 1030
1023 1110
1024 1113
1025 1025
1025 1080
1032 1064
1032 1033
1034 1078
1035 1132
1041 1113
1041 1138
1041 1115
1044 1068
1044 1083
1047 1067
1047 1086
1047 1093
1047 1120
1049 1061
1051 1059
1052 1095
1052 1093
1053 1153
1054 1062
1058 1084
1059 1113
1060 1063
1060 1153
1065 1065
1071 1123
1072 1073
1072 1108
1073 1111
1076 1160
1077 1112
1077 1148
1077 1160
1078 1148
1079 1097
1079 1129
1079 1178
1079 1132
1082 1105
1082 1120
1085 1156
1086 1124
1086 1091
1088 1171
1089 1095
1090 1156
1090 1133
1090 1102
1090 1133
1090 1170
1091 1148
1092 1095
1093 1166
1093 1106
1093 1130
1094 1096
1095 1126
1096 1122
1102 1173
1102 1169
1102 1178
1103 1153
1104 1123
1106 1190
1108 1196
1108 1138
1109 1192
1109 1203
1109 1131
1112 1179
1112 1113
1115 1188
1116 1118
1116 1182
1116 1189
1116 1183
1117 1205
1117 1173
1117 1170
1118 1126
1119 1144
1120 1157
1120 1170
1121 1210
1121 1192
1122 1155
1122 1139
1123 1165
1124 1188
1124 1156
1125 1215
1125 1181
1126 1197
1126 1191
1128 1183
1129 1134
1131 1224
1133 1213
1135 1185
1135 1139
1136 1175
1137 1212
1138 1223
1138 1146
1138 1238
1139 1168
1139 1192
1142 1223
1143 1196
1144 1204
1145 1161
1145 1176
1146 1215
1155 1223
1156 1231
1157 1157
1159 1241
1160 1236
1160 1170
1164 1186
1164 1243
1166 1255
1166 1249
1167 1232
1171 1239
1171 1262
1172 1175
1172 1229
1172 1183
1172 1222
1172 1189
1173 1227
1173 1255
1174 1176
1175 1256
1175 1266
1177 1178
1177 1261
1177 1253
1178 1275
1179 1204
1179 1183
1179 1209
1179 1201
1179 1218
1180 1237
1181 1247
1183 1267
1184 1194
1185 1253
1186 1232
1186 1252
1187 1202
1190 1195
1190 1276
1193 1233
1194 1224
1195 1280
1197 1220
1197 1294
1198 1266
1198 1268
1200 1238
1201 1299
1201 1272
1204 1236
1205 1245
1206 1282
1207 1278
1208 1218
1209 1232
1209 1274
1210 1245
1211 1230
1211 1236
1213 1291
1216 1271
1217 1247
1217 1238
1218 1238
1219 1228
1219 1253
1224 1247
1224 1248
1225 1322
1228 1236
1230 1326
1230 1246
1234 1288
1234 1290
1234 1333
1235 1290
1235 1319
1235 1235
1236 1276
1238 1314
1240 1287
1241 1311
1242 1259
1243 1303
1244 1330
1244 1306
1244 1344
1245 1313
1245 1281
1245 1254
1246 1279
1248 1249
1249 1269
1249 1265
1253 1305
1253 1344
1255 1348
1256 1336
1256 1329
1259 1266
1264 1266
1266 1288
1267 1360
1271 1347
1272 1339
1272 1357
1273 1334
1274 1287
1274 1289
1274 1333
1275 1332
1276 1288
1277 1316
1278 1334
1278 1328
1279 1289
1280 1375
1282 1289
1283 1320
1283 1303
1283 1335
1283 1319
1284 1315
1284 1342
1284 1351
1285 1286
1287 1317
1287 1363
1289 1301
1289 1324
1290 1368
1291 1352
1292 1377
1292 1386
1292 1391
1294 1372
1294 1365
1295 1339
1295 1349
1295 1314
1295 1303
1296 1367
1297 1370
1297 1381
1298 1315
1299 1304
1301 1391
1303 1354
1304 1370
1305 1337
1308 1377
1308 1341
1309 1319
1309 1374
1311 1356
1312 1393
1314 1354
1315 1398
1318 1394
1320 1382
1322 1401
1322 1394
1322 1367
1324 1420
1326 1377
1328 1410
1328 1344
1328 1352
1330 1363
1330 1402
1332 1419
1333 1417
1334 1419
1336 1343
1337 1368
1337 1349
1337 1400
1339 1353
1341 1360
1342 1420
1345 1428
1345 1380
1345 1350
1345 1390
1345 1432
1346 1377
1349 1408
1352 1446
1354 1367
1354 1431
1355 1420
1356 1396
1358 1387
1358 1411
1359 1370
1360 1460
1361 1450
1366 1452
1367 1385
1370 1397
1370 1393
1371 1417
1371 1404
1371 1431
1371 1413
1372 1432
1372 1376
1374 1421
1374 1406
1375 1443
1376 1385
1378 1445
1379 1402
1381 1444
1381 1399
1382 1392
1382 1395
1384 1432
1384 1419
1386 1422
1388 1400
1389 1477
1389 1428
1390 1474
1391 1491
1392 1486
1392 1480
1393 1431
1394 1488
1394 1460
1394 1457
1395 1446
1395 1440
1396 1397
1398 1437
1399 1473
1400 1459
1403 1487
1403 1499
1404 1463
1404 1424
1405 1497
1406 1440
1406 1452
1407 1440
1407 1411
1409 1422
1409 1488
1410 1509
1411 1437
1412 1493
1412 1490
1413 1430
1415 1441
1418 1496
1419 1459
1419 1484
1419 1464
1419 1431
1420 1518
1420 1456
1423 1495
1423 1514
1424 1469
1426 1432
1426 1453
1428 1493
1428 1469
1429 1476
1432 1478
1432 1446
1432 1436
1432 1447
1432 1496
1432 1484
1434 1500
1435 1525
1438 1509
1438 1473
1440 1474
1441 1515
1441 1444
1441 1459
1442 1480
1443 1517
1443 1486
1444 1540
1445 1524
1445 1505
1445 1475
1445 1456
1446 1450
1448 1526
1448 1542
1448 1501
1449 1504
1450 1471
1450 1452
1451 1503
1451 1462
1451 1548
1452 1496
1453 1538
1454 1492
1456 1497
1457 1557
1458 1467
1460 1495
1462 1495
1463 1540
1463 1538
1464 1535
1468 1540
1471 1472
1471 1496
1471 1502
1471 1529
1471 1476
1472 1479
1473 1476
1473 1557
1474 1542
1475 1539
1476 1476
1477 1493
1482 1516
1482 1498
1482 1535
1484 1583
1484 1537
1485 1491
1488 1507
1488 1566
1490 1563
1492 1577
1492 1563
1493 1559
1494 1509
1494 1540
1495 1581
1497 1530
1498 1567
1498 1541
1499 1556
1500 1537
1500 1539
1504 1591
1505 1509
1506 1594
1511 1523
1512 1593
1513 1578
1514 1607
1515 1584
1516 1535
1517 1530
1518 1519
1519 1598
1519 1554
1520 1574
1520 1598
1521 1598
1521 1541
1522 1588
1524 1621
1524 1611
1525 1560
1525 1592
1527 1550
1528 1617
1528 1530
1530 1575
1531 1548
1532 1581
1534 1558
1536 1543
1537 1609
1537 1543
1539 1540
1539 1587
1539 1619
1541 1572
1542 1634
1542 1560
1543 1578
1544 1618
1546 1642
1547 1621
1547 1630
1547 1577
1548 1632
1549 1597
1549 1591
1549 1583
1549 1608
1550 1572
1552 1627
1553 1637
1553 1625
1554 1563
1554 1570
1554 1612
1557 1598
1557 1614
1561 1622
1562 1579
1562 1599
1563 1592
1563 1607
1564 1571
1565 1658
1565 1649
1566 1578
1566 1651
1568 1590
1568 1656
1569 1637
1570 1666
1570 1655
1571 1609
1571 1652
1571 1663
1572 1572
1573 1596
1574 1645
1574 1634
1575 1639
1576 1653
1576 1629
1577 1669
1580 1649
1580 1666
1580 1661
1581 1603
1581 1669
1582 1660
1583 1585
1584 1660
1585 1648
1586 1597
1586 1588
1586 1673
1587 1607
1587 1659
1587 1640
1588 1670
1589 1672
1590 1665
1594 1612
1594 1614
1595 1608
1595 1607
1595 1653
1596 1673
1598 1666
1599 1643
1601 1609
1602 1653
1602 1638
1602 1635
1603 1662
1604 1649
1605 1629
1606 1607
1608 1659
1609 1666
1609 1664
1610 1663
1611 1623
1611 1685
1612 1646
1612 1679
1612 1639
1613 1653
1613 1651
1613 1618
1614 1691
1614 1694
1615 1645
1617 1633
1618 1692
1619 1621
1621 1685
1622 1705
1622 1678
1622 1670
1623 1672
1624 1687
1626 1724
1626 1711
1628 1702
1629 1670
1630 1660
1631 1640
1632 1633
1634 1704
1638 1662
1638 1735
1639 1692
1639 1707
1640 1719
1640 1734
1640 1704
1641 1691
1642 1709
1643 1644
1645 1694
1645 1733
1646 1731
1646 1665
1647 1695
1648 1732
1652 1694
1653 1724
1653 1729
1654 1665
1656 1664
1658 1748
1659 1712
1660 1660
1664 1690
1664 1751
1665 1725
1665 1759
1665 1740
1666 1747
1666 1675
1666 1740
1668 1709
1668 1681
1672 1717
1673 1748
1673 1749
1673 1742
1674 1708
1674 1766
1674 1697
1674 1724
1675 1775
1676 1726
1677 1677
1677 1736
1678 1718
1678 1727
1680 1697
1680 1780
1680 1733
1681 1726
1685 1722
1685 1712
1687 1690
1688 1724
1689 1695
1690 1736
1691 1774
1694 1756
1695 1701
1695 1763
1695 1732
1697 1756
1698 1729
1700 1745
1700 1775
1701 1735
1704 1716
1706 1803
1706 1767
1710 1731
1710 1789
1711 1719
1711 1742
1711 1793
1714 1805
1715 1802
1715 1789
1716 1763
1716 1741
1718 1792
1721 1797
1723 1804
1726 1772
1729 1827
1731 1829
1731 1765
1732 1752
1732 1736
1734 1784
1734 1788
1734 1770
1735 1814
1735 1835
1737 1836
1739 1811
1739 1838
1740 1813
1741 1762
1741 1784
1746 1816
1746 1832
1747 1829
1747 1823
1748 1773
1748 1792
1749 1807
1750 1772
1750 1815
1750 1786
1751 1833
1752 1803
1754 1762
1756 1788
1756 1829
1757 1776
1758 1774
1759 1769
1759 1851
1760 1802
1761 1784
1761 1772
1765 1860
1765 1863
1766 1840
1767 1854
1768 1825
1769 1847
1769 1811
1770 1773
1771 1771
1772 1778
1773 1796
1774 1803
1778 1850
1778 1804
1780 1865
1781 1832
1782 1877
1784 1849
1785 1883
1785 1869
1786 1837
1788 1810
1788 1841
1789 1834
1791 1884
1792 1832
1793 1852
1794 1881
1795 1841
1796 1882
1797 1863
1797 1868
1798 1860
1798 1835
1799 1855
1799 1877
1801 1881
1801 1829
1801 1893
1801 1833
1802 1815
1802 1898
1803 1847
1804 1878
1807 1848
1809 1858
1811 1831
1811 1831
1812 1818
1817 1819
1817 1841
1817 1912
1819 1869
1819 1882
1822 1893
1823 1848
1823 1899
1823 1899
1824 1909
1825 1873
1825 1922
1827 1877
1827 1870
1829 1871
1831 1897
1832 1868
1832 1887
1833 1875
1834 1848
1834 1917
1837 1880
1837 1917
1838 1843
1838 1875
1839 1870
1840 1921
1842 1927
1843 1852
1843 1859
1844 1943
1845 1928
1846 1875
1846 1934
1848 1904
1848 1917
1849 1877
1850 1889
1852 1917
1852 1909
1852 1937
1852 1862
1854 1871
1856 1944
1856 1914
1859 1946
1859 1959
1859 1930
1860 1936
1860 1882
1860 1913
1860 1897
1861 1861
1862 1954
1862 1954
1863 1903
1863 1962
1863 1890
1864 1942
1864 1870
1866 1938
1867 1967
1868 1885
1869 1903
1870 1966
1870 1874
1870 1913
1871 1958
1873 1936
1874 1889
1875 1909
1875 1913
1876 1892
1879 1916
1880 1904
1881 1921
1882 1893
1882 1975
1883 1904
1883 1938
1883 1901
1885 1946
1886 1897
1889 1971
1889 1950
1890 1970
1891 1915
1891 1910
1892 1895
1892 1930
1892 1898
1892 1954
1892 1923
1898 1942
1898 1983
1899 1996
1899 1951
1900 1942
1900 1905
1901 2001
1903 1978
1907 1975
1909 2000
1909 1942
1909 1931
1909 1951
1911 1977
1911 1979
1912 1963
1913 1976
1914 1921
1915 1945
1917 1970
1917 1931
1917 1930
1918 1959
1918 1998
1920 1937
1920 1994
1920 2013
1921 1921
1921 1982
1921 1938
1922 1983
1922 2020
1923 1983
1923 2014
1923 1925
1924 1927
1924 1952
1927 1944
1929 2010
1931 1942
1931 1951
1931 2008
1932 1932
1933 1987
1934 1968
1935 1949
1936 1959
1936 2026
1936 1951
1936 1973
1937 1956
1938 2014
1939 1999
1939 1976
1940 1985
1941 1950
1941 2041
1942 2042
1943 1988
1944 1974
1944 2029
1946 2001
1947 1961
1947 1992
1949 2007
1951 2051
1951 2030
1952 2007
1954 1971
1954 2048
1957 2006
1958 1981
1958 1980
1958 1992
1960 1985
1960 1974
1961 2030
1961 2060
1962 2021
1964 2023
1964 1977
1964 2018
1965 2045
1967 2003
1969 1979
1969 2054
1970 2030
1970 1987
1970 2036
1970 1973
1971 2071
1972 2009
1973 1986
1976 1991
1978 2029
1979 2038
1980 2025
1980 2035
1980 2049
1981 2074
1982 2022
1982 2062
1985 2080
1987 2071
1988 2007
1989 1989
1990 2054
1994 2066
1994 2051
1997 2023
1998 2079
1998 2002
1999 2040
2000 2022
2001 2101
2001 2033
2001 2074
2002 2087
2004 2028
2004 2090
2004 2014
2005 2098
2005 2055
2006 2017
2006 2010
2006 2049
2007 2087
2008 2093
2008 2105
2011 2039
2011 2099
2014 2113
2015 2101
2017 2111
2020 2021
2020 2095
2022 2044
2023 2085
2024 2090
2024 2043
2026 2033
2031 2116
2033 2091
2034 2049
2036 2131
2037 2076
2037 2067
2037 2085
2040 2089
2041 2082
2045 2136
2045 2121
2045 2050
2045 2079
2047 2135
2049 2080
2049 2147
2049 2087
2049 2136
2050 2086
2050 2084
2051 2140
2052 2130
2052 2134
2054 2096
2055 2065
2055 2101
2055 2123
2055 2068
2056 2136
2059 2080
2059 2157
2061 2132
2061 2139
2062 2149
2062 2136
2063 2155
2063 2064
2063 2111
2069 2123
2069 2079
2069 2145
2070 2084
2070 2076
2073 2144
2074 2120
2076 2128
2077 2147
2084 2144
2084 2104
2084 2143
2087 2183
2087 2166
2088 2105
2090 2107
2092 2177
2092 2184
2093 2116
2094 2152
2094 2193
2094 2147
2094 2193
2098 2198
2099 2160
2099 2196
2099 2179
2099 2143
2101 2103
2102 2125
2102 2114
2103 2157
2103 2166
2106 2186
2107 2199
2107 2188
2108 2180
2108 2194
2109 2163
2109 2128
2109 2158
2109 2169
2112 2191
2114 2125
2117 2118
2117 2211
2118 2130
2118 2143
2119 2186
2120 2182
2122 2157
2122 2220
2123 2205
2123 2175
2123 2149
2123 2151
2124 2169
2124 2181
2125 2127
2125 2200
2125 2148
2128 2158
2128 2204
2129 2151
2130 2211
2131 2217
2132 2145
2132 2132
2132 2134
2135 2190
2135 2140
2135 2218
2135 2206
2135 2217
2137 2222
2137 2229
2140 2144
2140 2207
2143 2218
2143 2204
2145 2198
2146 2204
2149 2239
2150 2244
2150 2228
2151 2183
2152 2183
2152 2165
2154 2182
2154 2200
2154 2170
2155 2202
2155 2171
2156 2251
2157 2172
2158 2200
2159 2174
2160 2197
2161 2241
2164 2208
2165 2234
2166 2205
2167 2258
2168 2198
2169 2171
2170 2192
2170 2236
2171 2210
2173 2193
2175 2228
2176 2261
2177 2270
2178 2186
2179 2189
2182 2239
2182 2223
2183 2239
2185 2195
2185 2245
2186 2254
2188 2219
2189 2251
2189 2282
2189 2224
2191 2280
2191 2227
2193 2220
2194 2294
2195 2284
2196 2204
2198 2263
2198 2245
2199 2201
2199 2296
2199 2289
2201 2259
2201 2219
2202 2202
2203 2255
2203 2287
2205 2261
2206 2249
2207 2255
2212 2234
2213 2282
2213 2304
2213 2306
2213 2264
2214 2270
2215 2238
2216 2247
2217 2242
2217 2218
2218 2258
2218 2225
2219 2249
2220 2287
2221 2277
2222 2276
2222 2264
2223 2284
2224 2226
2224 2257
2225 2254
2225 2237
2226 2279
2227 2259
2227 2308
2228 2299
2229 2279
2230 2295
2232 2295
2232 2305
2233 2265
2237 2321
2238 2239
2239 2304
2240 2299
2242 2295
2242 2339
2242 2253
2242 2262
2243 2315
2245 2312
2245 2317
2249 2334
2252 2264
2252 2279
2253 2330
2253 2307
2254 2351
2254 2349
2257 2262
2258 2262
2258 2258
2259 2346
2259 2331
2260 2349
2260 2302
2261 2340
2263 2266
2263 2312
2263 2296
2264 2308
2265 2319
2267 2314
2268 2355
2268 2341
2268 2289
2269 2359
2269 2313
2269 2278
2270 2329
2271 2327
2272 2274
2275 2375
2275 2299
2276 2363
2276 2300
2277 2326
2277 2359
2278 2369
2281 2292
2283 2345
2286 2324
2287 2297
2287 2332
2288 2293
2289 2292
2289 2368
2289 2388
2290 2363
2291 2370
2292 2340
2293 2349
2295 2372
2295 2377
2296 2390
2298 2349
2298 2396
2298 2333
2303 2337
2305 2401
2305 2314
2306 2344
2307 2339
2308 2324
2310 2377
2310 2310
2311 2348
2311 2388
2311 2381
2312 2359
2315 2319
2315 2371
2318 2399
2319 2323
2319 2369
2321 2409
2321 2406
2322 2403
2322 2347
2322 2371
2322 2375
2323 2356
2324 2377
2324 2334
2324 2388
2325 2382
2326 2410
2326 2399
2330 2387
2331 2424
2331 2358
2332 2349
2333 2373
2334 2389
2336 2344
2337 2371
2337 2343
2337 2414
2338 2358
2338 2432
2339 2402
2341 2434
2341 2417
2343 2367
2343 2380
2343 2370
2343 2391
2344 2359
2344 2352
2344 2396
2345 2398
2347 2422
2347 2433
2347 2391
2348 2378
2349 2445
2349 2400
2351 2427
2351 2410
2351 2422
2352 2444
2354 2439
2354 2444
2354 2445
2357 2394
2357 2440
2357 2430
2358 2370
2358 2394
2358 2398
2359 2409
2359 2384
2359 2385
2367 2395
2367 2381
2368 2398
2368 2421
2368 2398
2368 2465
2371 2382
2374 2382
2374 2402
2375 2410
2376 2433
2378 2454
2379 2380
2379 2452
2379 2413
2380 2457
2381 2429
2382 2475
2382 2414
2383 2407
2384 2430
2384 2411
2388 2429
2388 2448
2388 2440
2390 2481
2390 2472
2391 2451
2392 2467
2393 2400
2394 2467
2394 2481
2394 2406
2395 2430
2395 2423
2396 2436
2396 2482
2397 2399
2399 2411
2399 2416
2401 2480
2401 2490
2402 2448
2402 2448
2402 2414
2402 2460
2403 2472
2404 2502
2405 2465
2406 2447
2406 2477
2408 2421
2408 2458
2408 2416
2408 2505
2411 2421
2411 2439
2412 2496
2412 2425
2413 2442
2413 2500
2414 2487
2415 2505
2416 2443
2416 2489
2416 2504
2417 2447
2417 2465
2418 2515
2418 2454
2419 2422
2419 2443
2419 2518
2421 2435
2422 2510
2427 2444
2427 2517
2430 2444
2432 2457
2432 2515
2433 2511
2434 2484
2434 2487
2437 2468
2437 2460
2438 2500
2441 2509
2443 2462
2445 2488
2445 2512
2446 2478
2446 2509
2446 2524
2446 2543
2446 2454
2453 2479
2454 2466
2455 2459
2455 2522
2455 2481
2456 2483
2456 2458
2458 2459
2459 2537
2460 2541
2462 2517
2464 2527
2464 2513
2466 2519
2468 2554
2468 2514
2470 2526
2472 2500
2474 2496
2474 2504
2475 2542
2475 2557
2476 2551
2477 2513
2478 2564
2479 2500
2479 2523
2480 2497
2480 2500
2485 2520
2485 2512
2486 2535
2487 2576
2487 2529
2488 2578
2488 2522
2489 2497
2490 2585
2490 2560
2491 2555
2491 2581
2493 2537
2494 2585
2494 2510
2495 2556
2499 2518
2500 2502
2502 2522
2503 2583
2505 2577
2505 2532
2505 2568
2506 2516
2506 2581
2506 2575
2507 2600
2510 2573
2512 2538
2514 2570
2518 2559
2519 2522
2519 2616
2520 2568
2522 2522
2523 2550
2524 2533
2524 2623
2525 2555
2525 2592
2526 2555
2527 2602
2528 2528
2529 2548
2529 2534
2530 2551
2536 2622
2536 2629
2538 2619
2538 2553
2539 2573
2539 2557
2540 2572
2542 2558
2544 2583
2545 2612
2545 2601
2545 2564
2546 2574
2548 2614
2548 2597
2549 2646
2551 2581
2551 2637
2553 2566
2553 2596
2554 2633
2556 2614
2556 2616
2557 2578
2558 2630
2560 2576
2561 2657
2561 2571
2563 2628
2564 2640
2567 2609
2567 2650
2568 2633
2569 2644
2569 2628
2570 2618
2570 2602
2571 2599
2571 2641
2571 2606
2572 2586
2572 2665
2573 2573
2577 2635
2580 2672
2580 2615
2581 2632
2581 2648
2583 2605
2583 2645
2584 2675
2585 2676
2585 2645
2586 2650
2586 2597
2588 2641
2589 2677
2589 2679
2591 2633
2592 2655
2593 2666
2593 2612
2594 2620
2595 2683
2596 2660
2596 2647
2597 2642
2598 2599
2599 2642
2599 2608
2599 2652
2601 2669
2603 2616
2606 2638
2606 2695
2607 2679
2608 2645
2610 2700
2610 2707
2611 2683
2611 2667
2613 2623
2614 2632
2614 2624
2616 2705
2616 2677
2617 2695
2618 2650
2622 2719
2623 2674
2623 2652
2623 2707
2626 2666
2626 2678
2626 2720
2629 2673
2630 2725
2630 2646
2631 2702
2632 2698
2633 2687
2634 2733
2635 2723
2636 2715
2636 2719
2638 2730
2638 2668
2641 2717
2642 2705
2643 2697
2644 2667
2644 2727
2645 2729
2645 2738
2646 2649
2646 2706
2647 2704
2648 2723
2651 2744
2652 2752
2653 2696
2653 2718
2658 2685
2659 2683
2660 2747
2663 2740
2664 2698
2664 2752
2664 2722
2665 2708
2666 2748
2668 2729
2671 2735
2671 2671
2674 2686
2675 2687
2676 2703
2676 2772
2678 2688
2678 2711
2679 2763
2679 2776
2680 2710
2680 2755
2681 2748
2683 2715
2683 2715
2683 2753
2683 2708
2685 2750
2685 2749
2686 2783
2686 2756
2687 2697
2688 2780
2688 2708
2689 2780
2689 2724
2690 2733
2691 2775
2692 2763
2693 2742
2693 2706
2695 2750
2697 2721
2698 2765
2700 2721
2700 2715
2700 2787
2701 2707
2702 2741
2702 2709
2703 2790
2703 2734
2704 2714
2707 2758
2708 2789
2708 2781
2708 2758
2710 2718
2711 2770
2712 2804
2712 2721
2722 2817
2722 2747
2724 2741
2726 2759
2727 2747
2728 2763
2729 2753
2729 2803
2729 2781
2731 2732
2731 2828
2733 2757
2735 2832
2735 2778
2737 2771
2737 2831
2741 2761
2742 2838
2743 2770
2743 2806
2744 2757
2744 2751
2745 2817
2746 2845
2748 2754
2751 2763
2752 2771
2753 2802
2754 2759
2757 2850
2757 2847
2757 2847
2759 2788
2759 2816
2760 2785
2764 2845
2765 2854
2767 2810
2767 2828
2768 2855
2770 2835
2771 2827
2772 2862
2772 2774
2772 2782
2773 2872
2773 2787
2773 2816
2776 2788
2778 2793
2778 2848
2779 2860
2780 2787
2780 2819
2781 2799
2781 2815
2781 2801
2781 2839
2785 2819
2786 2824
2786 2880
2787 2794
2788 2843
2788 2860
2788 2847
2790 2876
2792 2818
2792 2886
2793 2863
2794 2869
2794 2890
2795 2875
2795 2877
2795 2849
2795 2827
2795 2801
2799 2827
2801 2883
2801 2838
2801 2845
2802 2878
2804 2886
2804 2858
2806 2860
2807 2876
2807 2898
2808 2827
2808 2895
2808 2834
2814 2886
2814 2879
2814 2822
2815 2847
2816 2850
2816 2882
2816 2833
2817 2864
2817 2845
2817 2864
2818 2859
2819 2916
2819 2824
2820 2868
2822 2837
2822 2868
2823 2890
2825 2887
2825 2914
2827 2913
2829 2927
2829 2904
2831 2852
2832 2924
2833 2851
2833 2901
2834 2885
2834 2853
2836 2914
2838 2896
2839 2902
2840 2883
2841 2856
2843 2892
2844 2848
2845 2911
2846 2912
2846 2916
2848 2863
2849 2895
2856 2930
2857 2917
2857 2878
2857 2888
2857 2940
2859 2865
2861 2960
2861 2938
2861 2929
2861 2942
2865 2901
2867 2959
2868 2968
2870 2921
2870 2876
2871 2934
2873 2908
2875 2880
2876 2965
2876 2908
2877 2890
2877 2905
2877 2959
2884 2899
2885 2922
2886 2933
2891 2936
2891 2938
2892 2959
2892 2907
2892 2916
2893 2985
2893 2949
2894 2915
2899 2937
2901 2920
2901 2925
2901 2908
2902 2919
2903 2970
2903 2976
2903 2953
2903 2925
2904 2980
2905 2996
2905 2952
2906 2964
2908 2961
2908 2937
2908 2961
2908 2988
2910 2921
2911 2978
2911 2916
2913 2939
2913 3011
2914 2927
2915 3012
2916 2977
2919 2938
2919 3018
2920 2996
2921 2970
2922 2947
2922 2977
2923 2979
2923 2944
2924 2967
2926 3016
2926 2964
2927 2967
2928 2956
2928 2966
2928 2939
2929 2980
2930 2987
2931 2977
2934 2974
2936 3010
2937 3024
2941 2946
2941 3010
2941 3022
2941 2994
2941 3003
2944 2963
2944 3020
2945 2991
2946 3023
2948 2956
2948 2950
2948 3016
2953 2981
2953 2963
2955 2970
2955 2960
2956 3055
2956 2970
2962 3003
2962 2968
2964 2973
2964 3002
2965 2998
2966 3063
2966 3066
2968 2998
2968 3068
2970 3024
2971 2994
2972 2987
2972 2982
2972 3056
2973 2982
2973 3069
2974 3007
2974 3068
2975 3060
2977 3032
2978 3046
2980 3071
2981 2989
2983 3026
2983 3028
2985 3072
2985 3085
2986 2994
2988 3014
2989 3067
2991 3050
2992 3034
2993 3049
2994 2995
2995 3063
2999 3058
3000 3042
3000 3023