1000 1000
81 52155
154 42004
325 67887
539 89182
618 64959
736 87724
778 35967
1096 61011
1166 16767
1195 40924
1343 39655
1461 10765
1669 53684
1804 20247
1876 77151
2049 96850
2175 88342
2762 34676
2877 72127
3015 94368
3185 83191
3217 98371
3253 51134
3394 10325
3394 62688
3490 12137
3517 14225
3540 22411
3597 59428
3606 35606
3619 73369
3622 27323
3723 14159
4044 17260
4130 93357
4173 61346
4332 9730
4429 77181
4477 46866
4499 97991
4539 61178
4548 81884
4699 34612
4790 23914
4922 85546
4937 26281
4964 22380
4976 41961
5010 28772
5058 24288
5079 89692
5335 47253
5440 14707
5509 82255
5611 34722
6002 62368
6068 55732
6140 29278
6177 9732
6343 27308
6511 13803
6517 14290
6519 37352
6779 33787
7011 74500
7100 24855
7116 92700
7132 98638
7353 33679
7698 12656
7822 67620
8089 42821
8153 66538
8212 11945
8326 21244
8444 75925
8790 93805
8854 52529
8881 36219
8883 64900
9291 47887
9525 13337
9688 32631
9808 25811
9821 96538
9849 30442
10046 56403
10083 28811
10130 78455
10289 80470
10350 65600
10395 84933
10526 10865
10591 82815
11045 67729
11268 65873
11366 47593
11376 63266
11579 51392
11586 80530
11645 79206
11707 68866
11755 42524
11771 90388
11823 17164
11858 48698
11872 48082
11885 30371
11929 77169
11964 65012
11986 63662
12137 53205
12416 72754
12725 85583
13077 79747
13435 64235
13614 44534
13796 58540
13821 56862
13902 39997
13923 77301
13971 40864
14190 31253
14252 40496
14304 83353
14328 50525
14353 60231
14376 71717
14481 61625
14505 28632
14654 37743
14912 88205
15020 44879
15108 84802
15232 36783
15318 62361
15439 77978
15588 40956
15735 40021
15764 95737
15768 65359
15803 82170
15806 37382
15836 73392
15841 72329
16083 47988
16092 93499
16207 64697
16259 87685
16388 46268
16412 58238
16473 82080
16595 88848
16624 44862
16733 53045
16750 39772
16752 88520
16868 27341
16910 39042
17076 97983
17363 68490
17368 91100
17473 64752
17553 79513
17703 90140
17754 34316
17780 57851
17847 77972
17855 61968
18020 78277
18081 56726
18096 20764
18250 20428
18576 80270
18635 72615
18647 18651
18872 78149
18984 98841
19094 40483
19106 23639
19354 26003
19482 23036
19523 60542
19581 20902
19622 54091
19896 93996
19899 94398
20045 21525
20086 55401
20296 31003
20300 47237
20359 55779
20443 81995
20537 42990
20654 48280
20659 80315
20718 81808
20868 94839
20911 85358
20934 50586
20946 84036
21288 32000
21377 71022
21390 67599
21402 41143
21407 22560
21563 67852
21673 39978
21765 93163
22033 31353
22099 31507
22139 80267
22215 24586
22221 26708
22524 98769
22812 97278
22825 46650
23053 82386
23204 35481
23256 60831
23291 47929
23414 29018
23507 27796
23530 33700
23690 32914
23697 68387
23743 73403
23776 91173
23791 61913
23909 65356
23971 97680
24087 68515
24240 41357
24251 51320
24251 89368
24265 67451
24351 54536
24567 41040
24597 56840
24639 43077
24642 40806
24838 74387
24875 47405
24880 66264
24992 29523
25062 43212
25068 30205
25193 65102
25273 53522
25277 98563
25305 97161
25348 54823
25376 78022
25613 43210
25662 53981
25835 80240
26100 75002
26163 67882
26204 65928
26403 70432
26568 55578
26577 90045
26727 96204
26831 80905
27215 96039
27255 94064
27277 68133
27363 29644
27548 45050
27914 50379
28115 39562
28201 44352
28435 51407
28520 35263
28647 77034
28684 81071
28729 74591
28732 69980
28823 83874
28935 49820
29092 30556
29117 57112
29175 43917
29317 67770
29414 78456
29454 95190
29475 74546
29640 35237
29650 52932
29714 98821
29873 86129
29942 49088
30128 79057
30298 68691
30324 32480
30379 97566
30418 83565
30549 74757
30551 92766
30617 52810
30810 38592
30840 86195
31172 72336
31177 33227
31197 60484
31882 97996
32001 79934
32051 99544
32212 71972
32296 69750
32406 37224
32413 41395
32480 61997
32518 58071
32613 72707
32773 84030
32876 43070
32876 65627
32927 48240
33134 62112
33138 85810
33399 73815
33437 60357
33563 40290
33691 56270
34057 90630
34089 47882
34592 92857
34612 96288
34618 46947
34682 74668
34741 34815
34819 96971
34837 76253
34845 51759
35047 41803
35198 83617
35221 60342
35354 73424
35386 40410
35442 47060
35507 39435
35593 83030
35614 65142
35736 99608
35763 89996
35928 50813
36111 61346
36223 79068
36229 78027
36269 65390
36365 86536
36391 39713
36748 81693
37038 56030
37190 64089
37253 75377
37274 70512
37341 51391
37390 80109
37428 82841
37446 79813
37461 52163
37622 56772
37664 99040
37700 75997
37717 46886
37816 39730
37851 41964
37854 88863
37875 42527
37883 81885
38144 83109
38261 66333
38714 42676
38721 86005
38729 40507
38748 43396
38868 70232
38987 67854
39026 58961
39057 73452
39103 41926
39159 83790
39162 75562
39355 41953
39455 45016
39468 92552
39674 86125
39969 80107
40007 88732
40215 89983
40426 66669
40510 85818
40635 69689
40684 88824
40754 75630
40863 46377
40925 49805
41081 42194
41279 84478
41431 88256
41445 50195
41590 59763
41626 60186
41920 55442
42144 64852
42180 85496
42190 47040
42251 62467
42270 74467
42286 49723
42356 72388
42419 60657
42479 72838
42762 49973
42811 68656
42837 71966
42906 67884
42964 44819
43199 78147
43207 88925
43209 49146
43324 91408
43512 72099
43682 63322
44026 85215
44214 54470
44336 49005
44383 95235
44452 97317
44562 78641
44635 59447
44658 98711
44690 77151
44709 57285
44729 60538
44969 65040
45201 66228
45402 84886
45421 93604
45473 50593
45546 69725
45599 53865
45639 93588
45679 84899
45685 96065
45772 98890
45786 49461
45821 86069
46000 81638
46107 88221
46133 96518
46240 85608
46289 66452
46311 82377
46387 88649
46414 90235
46724 60792
46732 80780
46805 71473
47011 86286
47201 74853
47260 67236
47478 75109
47541 58502
47543 59648
47666 63077
47708 77004
47722 84734
47808 99065
47878 70200
47894 57525
47894 60833
47946 67776
48298 79172
48484 96130
48672 66063
48745 85672
48831 64424
48902 52633
48983 81271
49060 51766
49120 64254
49442 77066
49496 71382
49756 92251
49774 86773
49811 62757
49909 85950
49992 95570
50164 58542
50276 71832
50338 58544
50482 73215
50713 58540
50824 56571
50856 57838
50945 60859
50997 91145
51039 84197
51049 96100
51209 75724
51353 96689
51431 64075
51482 91540
51543 84898
51607 69498
51618 96082
51645 87009
51903 90666
52048 97269
52198 98508
52342 95544
52849 63215
52897 62803
52958 94649
53358 67403
53542 79979
53568 90930
53571 86048
53759 97194
53957 73393
54123 97253
54136 85497
54160 90016
54176 66739
54345 79566
54459 90047
54480 78344
54556 80709
54582 57427
54639 92370
54781 99546
54798 75430
54833 59635
54891 79800
54942 95179
55012 87500
55102 95800
55169 61267
55229 58675
55297 66793
55341 69070
55410 89576
55591 87119
55672 84166
55752 94057
55965 56639
56303 91706
56411 81467
56443 82119
56732 97022
56762 88866
56822 84255
56909 73797
56918 94628
56985 69431
57026 99740
57164 98830
57214 76612
57368 93082
57468 96231
57648 80091
57837 62042
57912 72661
57945 97712
57967 71412
57982 70956
57995 69013
58013 84056
58049 98621
58130 60918
58254 90413
58327 71645
58358 92291
58391 96997
58498 72900
58518 71292
58529 67542
58562 65846
58647 89077
58681 58990
58691 80181
58722 77641
58781 96506
58833 59428
58989 85432
59011 76625
59012 91928
59137 73692
59207 95419
59260 69078
59333 90922
59333 93550
59406 79639
59441 81668
59442 63672
59724 76495
59789 80775
59796 86686
59934 99463
59999 75709
60103 78876
60258 90556
60264 63996
60271 92644
60365 95000
60442 76643
60535 81278
60583 69719
60714 98076
60804 95324
60849 69436
60850 99465
60871 96471
60917 98725
61053 66101
61095 85341
61202 97473
61479 83274
61547 70658
61567 91904
61764 87711
61802 99375
61875 82081
61988 77384
62057 63836
62093 96757
62189 84927
62259 68614
62328 84746
62356 96269
62588 93341
62673 96878
62745 64674
63219 92454
63281 67303
63381 88522
63457 75953
63537 96134
63805 74342
63869 97267
63996 93484
64062 79201
64109 79781
64179 74360
64201 68221
64357 99301
64526 97871
64597 66982
64883 64884
64891 76343
65112 74301
65127 70811
65197 78153
65233 97237
65532 66077
65682 96078
65737 93507
65754 85831
65766 99085
65770 90500
65838 72871
66069 71584
66115 66833
66140 78386
66306 69453
66340 66858
66554 87051
66652 74211
66677 85947
66679 76466
66709 97781
66730 90582
66757 71368
66776 85732
66819 83254
66900 95297
67080 96769
67148 89570
67200 72031
67316 72234
67354 95809
67365 99167
67402 77924
67422 81665
67445 80855
67587 92199
67622 90246
67624 93696
67665 84212
67921 78618
68027 90099
68185 74148
68235 72790
68262 87987
68278 94722
68299 99991
68469 99166
68694 94556
68742 89581
68778 94631
68805 97002
68945 88553
69064 75927
69103 89776
69138 92593
69157 80245
69186 99105
69556 82747
69630 75167
69768 75633
69795 78688
70006 92797
70160 96111
70303 95263
70924 95575
71224 90680
71239 79413
71338 85564
71340 95275
71345 78041
71409 88938
71658 82223
71779 87495
72026 77539
72037 91703
72074 80543
72292 79368
72629 92828
72634 81776
72649 82631
72705 88783
72726 79746
72769 73515
72853 90738
72856 79539
72858 82941
72958 88885
72968 91370
73043 82033
73414 83186
73727 78429
73842 85943
73894 74651
73912 74169
73960 90185
74039 90738
74054 97006
74100 81035
74289 86795
74290 88352
74670 84827
74848 86600
74932 79340
74970 91357
74971 77022
75180 86361
75271 78782
75342 82814
75979 96529
76086 97642
76152 77168
76204 89052
76476 79621
76521 97967
76689 84442
76785 86198
76818 98181
77154 93892
77215 89128
77326 93025
77447 99284
77553 79599
77589 79640
77820 92227
78009 78894
78160 80313
78203 83692
78227 82552
78281 98742
78390 79860
78454 99765
78548 86898
78583 98426
78588 82593
79007 80230
79066 94186
79201 88230
79437 85251
79449 93102
79462 90960
79501 87088
79635 84487
79666 99465
80121 95825
80193 80293
80223 95057
80228 93509
80339 93202
80364 82469
80466 86101
80488 84114
80619 89456
80910 94589
80973 90088
81025 95892
81062 86508
81075 85803
81121 82329
81153 89132
81471 97422
81481 99215
81504 98362
81528 93695
81547 99924
81904 85851
82237 89033
82287 91892
82645 87878
82657 88142
82683 87867
82797 84940
82853 82869
82905 87136
82946 98217
83006 85154
83061 91280
83318 89599
83397 93062
83456 85593
83512 91966
83599 94238
83632 91340
83642 87397
83671 88149
83683 94177
83747 89225
83803 85439
83881 86335
83919 90254
83936 96351
84103 89426
84138 95508
84165 85885
84251 97540
84639 99725
84699 99887
84813 94621
84884 93690
84947 99959
84948 91039
85118 99296
85141 95220
85489 93733
85520 94645
85691 88296
85752 98486
85753 98476
85802 87896
85841 91628
85846 97179
85848 95092
86029 90294
86080 86438
86192 97070
86306 87223
86340 91419
86482 99892
86691 93406
86742 94195
86778 89570
86922 96125
87030 96750
87116 98750
87447 96222
87479 99482
87492 87604
87797 96882
88128 88723
88278 94253
88326 92035
88415 96525
88432 89992
88436 92249
88441 99589
88459 92042
88498 91722
88636 99867
88649 92331
88962 98554
89432 94154
89450 94105
89574 90185
89583 96294
89590 91206
89619 94736
89969 91213
90036 95275
90295 98221
90357 94661
90935 96427
90939 93261
90942 97744
90976 98061
91000 91466
91179 96132
91307 91683
91307 91988
91542 99719
91583 99599
91665 96599
91671 96912
91837 95717
91899 95735
92022 96149
92079 98476
92208 96407
92227 99459
92463 97798
92658 92773
92704 95529
92783 97278
92900 95234
93021 98478
93412 96085
93608 95475
93789 98933
93887 94910
93942 98837
93964 97488
93973 99648
94216 97154
94397 96121
94430 99922
94444 96552
94726 96419
94870 97553
94938 98480
95006 99194
95021 97635
95087 96670
95090 98427
95117 95719
95254 96946
95413 97307
95552 98885
95576 97475
95602 98279
95665 97055
95711 98747
95761 99627
95890 97692
96065 96900
96083 96303
96111 97747
96171 96828
96220 99025
96322 99713
96406 98597
96458 98096
96532 99679
96567 99469
96652 98249
96672 99305
96675 98485
96773 97198
96919 98949
96954 99161
96962 97058
97022 98023
97375 98371
97391 98458
97476 97617
97542 99162
97596 99728
97600 97939
97737 99044
97962 99027
97996 98395
98112 98209
98268 98389
98363 98449
98406 99278
98417 98656
98663 99575
98674 99164
98718 99072
98857 99619
98900 99077
98968 99760
99008 99367
99255 99770
99372 99723
99477 99722
99479 99851
99609 99922
99639 99860
99943 99971
